5
12
1
10
8
6
1
1
2
3
1
17
10
8
7
7
11
7
4
3
2
10
5
3
3
5
11
0
5
1
0
4
1
10
7
15
7
14
5
10
6
12
7
6
8
10
8
3
3
21
12
13
7
6
18
2
13
27
15
13
10
6
16
16
16
15
13
12
2
25
24
22
32
13
14
44
13
13
11
6
16
11
23
18
5
20
16
1
8
12
11

1
2
2
6
20
11
16
11
4
3
5
10
2
15
16
2
3
8
4
0
3
3
2
4
3
3
2
3
1
1
2
13
16
7
1
1
4
16
14
23
7
2
9
6
11
6
14
14
75
3
4
2
1
1
0
12
33
15
34
35
46
50
30
21
23
41
38
37
57
23
11
20
16
9
49
74
8
6
12
16
3
18
31
56
36
39
49
14
51
36
22
41
49
32
56
16
61
33
18
60
39
46
13
61
16
81
